14727153
24031764
23378548
19344440
19344454
23378569
35790974
30671066
32314077
24031788
33687934
34036424
34853726
23345604
20862036
22547746
30980936
34036387
34036392
34418309
36242163
7184801
18378028
25557179
17033073
23407506
11666848
16063168
22790434
13612467
13611744
22790425
12180421
7093339
16569634
11907615
14127018
14126999
7367776
14127025
29527478
33556340
34219420
21133296
25414337
22465477
5795432
22465481
26683572
12598577
18484458
13440766
8182606
20814151
12515374
17966044
29057976
6016271
18102340
11175592
6016272
19090516
33446275
9231022
13554384
7833833
9231033
17340023
13562340
31635420
36168678
33903518
36168686
22639371
2214274
22460069
983594
11321845
21789000
3595386
1598342
10031598
23359679
23460815
4177475
13515211
20229083
4177486
23964126
26928159
16670794
26866223
23460740
26160289
3255873
3029595
3255872
2445851
1263827
16278835
26108605
25989511
6608978
16278840
18915873
3029065
996093
6160931
16503259
24576732
996026
24576770
23045905
25847245
1280357
10398625
977784
11855851
8690095
9168875
8770790
10160546
23082067
16692671
11102378
5408062
5956065
1792109
4608991
9020900
977783
2413716
8741063
7181676
9129173
5893572
5893571
6212018
22202104
23688304
23688315
5992433
22293886
29743787
31394325
21081622
22202127
6608874
6467255
1510490
27337169
5992432
6467256
6467257
17600109
16508567
6250109
6193710
22052084
23463425
17600117
23905802
5971952
13508521
32702690
19762807
11102402
14613346
25556750
12368719
20034263
17684584
4421846
28179097
18699566
9714502
4967849
3936620
14381998
10620776
22916192
7526713
2753657
3824636
2141180
5893573
6511977
6511976
5269251
6447653
35126368
29690951
35126419
35509198
16848260
16848266
3649188
29791313
29690918
2519247
16508645
5929923
23157126
27867521
2519248
32043643
32043648
5817054
30731037
6272200
10097893
4979070
6353800
25645039
24942855
4457518
1252367
16194844
19600409
6279786
20009696
20009682
6544902
20909650
30600823
20007773
3649191
22151069
3414335
3649190
22151057
2519244
5893575
22960373
6018166
21509609
21855098
16750194
21855127
3642597
33258671
3113361
3418831
1224076
13974865
16375690
16375681
3418832
11273072
3642624
21628864
20659883
19118320
16333447
15869164
20659900
1443768
20660043
19039886
16375706
37209891
5747353
13949615
14239813
13779590
13949622
12066749
13949629
6547127
22224307
22224231
21836744
16375665
8625064
6591578
36168594
13861724
13861708
6318774
6318772
6318773
6318775
36037129